9.999433e-01 2.586172e-03 -1.033094e-02 -2.343818e-01 -2.645881e-03 9.999798e-01 -5.770163e-03 -1.419150e-01 1.031581e-02 5.797170e-03 9.999299e-01 4.291335e+00
9.999184e-01 3.088363e-03 -1.239599e-02 -2.812195e-01 -3.174350e-03 9.999710e-01 -6.922975e-03 -1.702743e-01 1.237425e-02 6.961759e-03 9.998991e-01 5.148987e+00
9.998890e-01 3.586305e-03 -1.446384e-02 -3.281178e-01 -3.703403e-03 9.999605e-01 -8.077186e-03 -1.986703e-01 1.443430e-02 8.129853e-03 9.998627e-01 6.007777e+00
9.998551e-01 4.078705e-03 -1.652913e-02 -3.749547e-01 -4.231669e-03 9.999484e-01 -9.229794e-03 -2.270290e-01 1.649063e-02 9.298401e-03 9.998207e-01 6.865477e+00
9.998167e-01 4.566671e-03 -1.859652e-02 -4.218367e-01 -4.760342e-03 9.999347e-01 -1.038342e-02 -2.554151e-01 1.854788e-02 1.047004e-02 9.997731e-01 7.724036e+00
9.997264e-01 5.527315e-03 -2.272922e-02 -5.155474e-01 -5.816781e-03 9.999025e-01 -1.268908e-02 -3.121547e-01 2.265686e-02 1.281782e-02 9.996611e-01 9.440275e+00
9.996745e-01 6.000540e-03 -2.479692e-02 -5.624310e-01 -6.345160e-03 9.998840e-01 -1.384246e-02 -3.405416e-01 2.471098e-02 1.399530e-02 9.995966e-01 1.029896e+01
9.996182e-01 6.468772e-03 -2.686440e-02 -6.093087e-01 -6.873365e-03 9.998639e-01 -1.499561e-02 -3.689250e-01 2.676374e-02 1.517453e-02 9.995266e-01 1.115757e+01
9.995562e-01 7.058450e-03 -2.894213e-02 -6.562052e-01 -7.530449e-03 9.998399e-01 -1.623192e-02 -3.973964e-01 2.882292e-02 1.644266e-02 9.994492e-01 1.201541e+01
9.994226e-01 7.842768e-03 -3.306167e-02 -7.498241e-01 -8.456089e-03 9.997940e-01 -1.845198e-02 -4.540039e-01 3.291014e-02 1.872089e-02 9.992829e-01 1.373146e+01
9.992482e-01 1.235688e-02 -3.674849e-02 -8.546642e-01 -1.320676e-02 9.996488e-01 -2.297477e-02 -5.155070e-01 3.645169e-02 2.344282e-02 9.990604e-01 1.547957e+01
9.991826e-01 1.352279e-02 -3.809783e-02 -9.072868e-01 -1.439161e-02 9.996404e-01 -2.262373e-02 -5.464705e-01 3.777819e-02 2.315352e-02 9.990178e-01 1.636940e+01
9.991241e-01 1.328777e-02 -3.967996e-02 -9.609163e-01 -1.412604e-02 9.996813e-01 -2.092052e-02 -5.783595e-01 3.938933e-02 2.146271e-02 9.989934e-01 1.726896e+01
9.990604e-01 1.351433e-02 -4.118029e-02 -1.011589e+00 -1.432436e-02 9.997084e-01 -1.943894e-02 -6.092403e-01 4.090558e-02 2.001055e-02 9.989626e-01 1.817318e+01
9.990174e-01 1.304822e-02 -4.235654e-02 -1.066256e+00 -1.386115e-02 9.997242e-01 -1.895579e-02 -6.387363e-01 4.209752e-02 1.952427e-02 9.989227e-01 1.908411e+01
9.989383e-01 1.325999e-02 -4.411963e-02 -1.118651e+00 -1.413494e-02 9.997084e-01 -1.957870e-02 -6.686219e-01 4.384715e-02 2.018154e-02 9.988343e-01 1.999722e+01
9.988800e-01 1.128892e-02 -4.595003e-02 -1.224279e+00 -1.218132e-02 9.997417e-01 -1.918760e-02 -7.287421e-01 4.572155e-02 1.972584e-02 9.987594e-01 2.184042e+01
9.988876e-01 1.379030e-02 -4.509495e-02 -1.334841e+00 -1.432558e-02 9.998304e-01 -1.156850e-02 -7.929673e-01 4.492776e-02 1.220164e-02 9.989157e-01 2.370953e+01
9.990298e-01 1.265253e-02 -4.218321e-02 -1.436633e+00 -1.299403e-02 9.998849e-01 -7.831284e-03 -8.456208e-01 4.207926e-02 8.371815e-03 9.990791e-01 2.559694e+01
9.990967e-01 1.391010e-02 -4.015465e-02 -1.538025e+00 -1.454998e-02 9.997711e-01 -1.568743e-02 -8.971121e-01 3.992724e-02 1.625751e-02 9.990703e-01 2.749627e+01
9.992105e-01 1.079096e-02 -3.823584e-02 -1.633363e+00 -1.148611e-02 9.997718e-01 -1.800793e-02 -9.555630e-01 3.803279e-02 1.843289e-02 9.991064e-01 2.942293e+01
9.992215e-01 9.086312e-03 -3.839229e-02 -1.680971e+00 -9.596057e-03 9.998679e-01 -1.311391e-02 -9.838377e-01 3.826806e-02 1.347211e-02 9.991766e-01 3.039839e+01
9.992105e-01 5.838117e-03 -3.929763e-02 -1.728893e+00 -6.198498e-03 9.999398e-01 -9.054940e-03 -1.011772e+00 3.924239e-02 9.291377e-03 9.991865e-01 3.137765e+01
9.991830e-01 -1.840283e-03 -4.037463e-02 -1.768976e+00 1.460769e-03 9.999545e-01 -9.427292e-03 -1.036363e+00 4.039014e-02 9.360611e-03 9.991401e-01 3.235714e+01
9.991063e-01 -4.894794e-03 -4.198475e-02 -1.815834e+00 4.337365e-03 9.999014e-01 -1.335777e-02 -1.059789e+00 4.204599e-02 1.316373e-02 9.990289e-01 3.333631e+01
9.990442e-01 -4.076714e-03 -4.352240e-02 -1.870663e+00 3.306848e-03 9.998370e-01 -1.774634e-02 -1.088016e+00 4.358766e-02 1.758545e-02 9.988948e-01 3.432021e+01
9.989620e-01 -3.501086e-03 -4.541814e-02 -1.929780e+00 2.639355e-03 9.998156e-01 -1.901940e-02 -1.129880e+00 4.547635e-02 1.887978e-02 9.987869e-01 3.533097e+01
9.989126e-01 -3.564847e-03 -4.648700e-02 -1.993748e+00 2.782576e-03 9.998536e-01 -1.688161e-02 -1.194548e+00 4.654037e-02 1.673390e-02 9.987762e-01 3.638751e+01
9.988708e-01 -2.386257e-04 -4.750925e-02 -2.061112e+00 -4.151975e-04 9.999053e-01 -1.375168e-02 -1.249881e+00 4.750803e-02 1.375587e-02 9.987761e-01 3.742850e+01
9.987569e-01 4.894213e-04 -4.984526e-02 -2.256115e+00 -8.210333e-04 9.999776e-01 -6.632571e-03 -1.393047e+00 4.984090e-02 6.665250e-03 9.987349e-01 4.053855e+01
9.987143e-01 6.952179e-03 -5.021498e-02 -2.399728e+00 -7.192513e-03 9.999635e-01 -4.606971e-03 -1.460731e+00 5.018112e-02 4.962219e-03 9.987278e-01 4.258303e+01
9.987083e-01 6.676282e-03 -5.037160e-02 -2.465214e+00 -7.006772e-03 9.999550e-01 -6.387280e-03 -1.489501e+00 5.032669e-02 6.731971e-03 9.987101e-01 4.359302e+01
9.987013e-01 8.983148e-03 -5.015069e-02 -2.535885e+00 -9.456170e-03 9.999129e-01 -9.202712e-03 -1.522850e+00 5.006365e-02 9.664992e-03 9.986992e-01 4.459790e+01
9.986012e-01 6.863746e-03 -5.242779e-02 -2.661881e+00 -7.280160e-03 9.999434e-01 -7.755765e-03 -1.593756e+00 5.237159e-02 8.126598e-03 9.985945e-01 4.659803e+01
9.985154e-01 9.830435e-03 -5.357609e-02 -2.800794e+00 -1.032218e-02 9.999070e-01 -8.909522e-03 -1.664529e+00 5.348352e-02 9.449317e-03 9.985240e-01 4.857856e+01
9.984385e-01 1.064895e-02 -5.483888e-02 -2.937935e+00 -1.149460e-02 9.998195e-01 -1.512829e-02 -1.729013e+00 5.466788e-02 1.573501e-02 9.983805e-01 5.053773e+01
9.984356e-01 7.566176e-03 -5.540070e-02 -3.065844e+00 -8.064009e-03 9.999290e-01 -8.767995e-03 -1.798994e+00 5.533043e-02 9.201029e-03 9.984256e-01 5.249501e+01
9.984285e-01 6.348755e-03 -5.568046e-02 -3.130185e+00 -6.799312e-03 9.999456e-01 -7.906116e-03 -1.830051e+00 5.562724e-02 8.272279e-03 9.984173e-01 5.346498e+01
9.984068e-01 -1.460363e-04 -5.642638e-02 -3.248811e+00 -4.508913e-04 9.999441e-01 -1.056600e-02 -1.886487e+00 5.642476e-02 1.057461e-02 9.983508e-01 5.539178e+01
9.983367e-01 -1.591214e-03 -5.763218e-02 -3.310922e+00 1.036802e-03 9.999529e-01 -9.648457e-03 -1.913841e+00 5.764481e-02 9.572654e-03 9.982912e-01 5.635039e+01
9.982268e-01 -5.964740e-03 -5.922694e-02 -3.438994e+00 5.986946e-03 9.999820e-01 1.974663e-04 -1.956763e+00 5.922470e-02 -5.517038e-04 9.982445e-01 5.827400e+01
9.981161e-01 -2.919496e-03 -6.128511e-02 -3.579193e+00 2.920554e-03 9.999957e-01 -7.231076e-05 -1.998111e+00 6.128506e-02 -1.068112e-04 9.981202e-01 6.016633e+01
9.979547e-01 -9.592105e-04 -6.391830e-02 -3.703384e+00 5.024105e-05 9.998989e-01 -1.422089e-02 -2.049159e+00 6.392547e-02 1.418860e-02 9.978538e-01 6.200632e+01
9.977905e-01 7.492613e-03 -6.601519e-02 -3.843940e+00 -8.206300e-03 9.999107e-01 -1.054641e-02 -2.112094e+00 6.593028e-02 1.106485e-02 9.977628e-01 6.381519e+01
9.976764e-01 1.025448e-02 -6.735521e-02 -3.912602e+00 -1.087073e-02 9.999023e-01 -8.789172e-03 -2.145353e+00 6.725849e-02 9.500949e-03 9.976903e-01 6.469786e+01
9.975909e-01 1.034502e-02 -6.859620e-02 -3.978228e+00 -1.103350e-02 9.998924e-01 -9.665437e-03 -2.173835e+00 6.848883e-02 1.039901e-02 9.975976e-01 6.556672e+01
9.973396e-01 1.318380e-02 -7.169363e-02 -4.114442e+00 -1.380046e-02 9.998718e-01 -8.112825e-03 -2.230822e+00 7.157748e-02 9.080646e-03 9.973937e-01 6.726455e+01
9.971241e-01 1.256612e-02 -7.473754e-02 -4.244856e+00 -1.307757e-02 9.998942e-01 -6.357728e-03 -2.283310e+00 7.464974e-02 7.316829e-03 9.971829e-01 6.890994e+01
9.968772e-01 1.677181e-02 -7.716622e-02 -4.381935e+00 -1.677976e-02 9.998590e-01 5.454462e-04 -2.329476e+00 7.716449e-02 7.510882e-04 9.970180e-01 7.050799e+01
9.964961e-01 2.232345e-02 -8.060564e-02 -4.514875e+00 -2.246983e-02 9.997471e-01 -9.091952e-04 -2.382091e+00 8.056495e-02 2.717205e-03 9.967456e-01 7.203735e+01
9.962563e-01 2.164989e-02 -8.369451e-02 -4.644343e+00 -2.291184e-02 9.996374e-01 -1.414702e-02 -2.432982e+00 8.335788e-02 1.601165e-02 9.963910e-01 7.348065e+01
9.960873e-01 2.480834e-02 -8.482128e-02 -4.775730e+00 -2.599143e-02 9.995793e-01 -1.287207e-02 -2.490277e+00 8.446625e-02 1.502633e-02 9.963130e-01 7.485147e+01
9.974633e-01 1.217037e-02 -7.013516e-02 -5.159772e+00 -1.315774e-02 9.998205e-01 -1.363335e-02 -2.729207e+00 6.995665e-02 1.452158e-02 9.974443e-01 7.959230e+01
9.985955e-01 1.068615e-02 -5.189267e-02 -5.208269e+00 -1.122407e-02 9.998861e-01 -1.008572e-02 -2.780022e+00 5.177898e-02 1.065400e-02 9.986017e-01 8.063455e+01
9.995878e-01 2.136933e-02 -1.917552e-02 -5.248892e+00 -2.156744e-02 9.997155e-01 -1.018473e-02 -2.822088e+00 1.895242e-02 1.059410e-02 9.997642e-01 8.162286e+01
9.859899e-01 1.389745e-02 1.662252e-01 -4.934649e+00 -1.302694e-02 9.998951e-01 -6.326123e-03 -2.926167e+00 -1.662957e-01 4.072087e-03 9.860675e-01 8.431338e+01
9.313823e-01 1.599263e-02 3.636913e-01 -4.336344e+00 -1.189395e-02 9.998380e-01 -1.350660e-02 -2.995233e+00 -3.638483e-01 8.254080e-03 9.314216e-01 8.585373e+01
8.794214e-01 1.652575e-02 4.757573e-01 -3.903866e+00 -9.195858e-03 9.998005e-01 -1.773051e-02 -3.018353e+00 -4.759554e-01 1.121759e-02 8.793978e-01 8.652588e+01
6.869081e-01 1.002390e-02 7.266752e-01 -2.508137e+00 1.642222e-03 9.998809e-01 -1.534491e-02 -3.084460e+00 -7.267424e-01 1.173390e-02 6.868098e-01 8.782010e+01
6.415606e-01 8.605910e-03 7.670241e-01 -2.182602e+00 5.801600e-03 9.998540e-01 -1.607086e-02 -3.093149e+00 -7.670504e-01 1.476039e-02 6.414170e-01 8.800813e+01
5.961032e-01 5.416591e-03 8.028896e-01 -1.847638e+00 1.299442e-02 9.997812e-01 -1.639257e-02 -3.103538e+00 -8.028026e-01 2.020475e-02 5.959023e-01 8.818799e+01
4.188673e-01 9.627242e-03 9.079964e-01 -4.500223e-01 1.561927e-02 9.997194e-01 -1.780508e-02 -3.146259e+00 -9.079131e-01 2.164020e-02 4.185994e-01 8.874795e+01
3.806252e-01 1.378826e-03 9.247284e-01 -7.268361e-02 3.173796e-02 9.993902e-01 -1.455374e-02 -3.150458e+00 -9.241845e-01 3.488851e-02 3.803494e-01 8.883995e+01
3.461082e-01 -2.337058e-03 9.381917e-01 3.020916e-01 3.764494e-02 9.992261e-01 -1.139850e-02 -3.156586e+00 -9.374390e-01 3.926327e-02 3.459283e-01 8.893047e+01
2.551133e-01 1.327093e-02 9.668201e-01 1.434583e+00 1.946154e-02 9.996327e-01 -1.885662e-02 -3.205997e+00 -9.667153e-01 2.362638e-02 2.547613e-01 8.921056e+01
2.298762e-01 1.514276e-02 9.731021e-01 1.832910e+00 2.080734e-02 9.995739e-01 -2.047003e-02 -3.222114e+00 -9.729974e-01 2.495324e-02 2.294632e-01 8.927715e+01
2.067350e-01 1.580712e-02 9.782693e-01 2.240743e+00 2.747050e-02 9.993815e-01 -2.195352e-02 -3.234217e+00 -9.780112e-01 3.141210e-02 2.061729e-01 8.932950e+01
1.870149e-01 2.174817e-02 9.821163e-01 2.662750e+00 3.631700e-02 9.989184e-01 -2.903574e-02 -3.232193e+00 -9.816855e-01 4.109762e-02 1.860228e-01 8.937210e+01
1.677054e-01 2.973015e-02 9.853888e-01 3.089762e+00 3.891920e-02 9.985663e-01 -3.675147e-02 -3.233114e+00 -9.850686e-01 4.451395e-02 1.663079e-01 8.941899e+01
1.346625e-01 2.612444e-02 9.905471e-01 4.002128e+00 3.409387e-02 9.989383e-01 -3.098074e-02 -3.269703e+00 -9.903048e-01 3.794352e-02 1.336289e-01 8.952059e+01
1.200339e-01 2.244059e-02 9.925162e-01 4.475771e+00 3.438479e-02 9.990507e-01 -2.674681e-02 -3.292077e+00 -9.921741e-01 3.733797e-02 1.191484e-01 8.955606e+01
1.066450e-01 2.015680e-02 9.940929e-01 4.962461e+00 3.689254e-02 9.990258e-01 -2.421462e-02 -3.311658e+00 -9.936124e-01 3.925697e-02 1.057975e-01 8.958341e+01
9.481660e-02 1.910255e-02 9.953115e-01 5.460049e+00 4.091002e-02 9.988965e-01 -2.306858e-02 -3.327578e+00 -9.946538e-01 4.290548e-02 9.393048e-02 8.960332e+01
7.611140e-02 2.033196e-02 9.968920e-01 6.504623e+00 4.662512e-02 9.986258e-01 -2.392709e-02 -3.362740e+00 -9.960086e-01 4.830132e-02 7.505883e-02 8.963826e+01
6.433620e-02 2.169879e-02 9.976924e-01 7.614093e+00 4.999818e-02 9.984379e-01 -2.493915e-02 -3.394968e+00 -9.966749e-01 5.148728e-02 6.315079e-02 8.967153e+01
5.340714e-02 2.263529e-02 9.983163e-01 8.800912e+00 5.292689e-02 9.982736e-01 -2.546577e-02 -3.426200e+00 -9.971692e-01 5.419782e-02 5.211692e-02 8.970167e+01
4.649404e-02 2.206005e-02 9.986750e-01 1.005978e+01 5.576839e-02 9.981395e-01 -2.464457e-02 -3.460292e+00 -9.973606e-01 5.684031e-02 4.517728e-02 8.971666e+01
4.207275e-02 2.108560e-02 9.988921e-01 1.138837e+01 6.197780e-02 9.977967e-01 -2.367295e-02 -3.495197e+00 -9.971903e-01 6.290510e-02 4.067321e-02 8.972145e+01
4.410340e-02 2.054931e-02 9.988156e-01 1.278190e+01 6.780199e-02 9.974216e-01 -2.351448e-02 -3.529809e+00 -9.967235e-01 6.875874e-02 4.259640e-02 8.972729e+01
5.107260e-02 2.062413e-02 9.984820e-01 1.424395e+01 7.097170e-02 9.971840e-01 -2.422755e-02 -3.570045e+00 -9.961699e-01 7.210131e-02 4.946505e-02 8.975239e+01
5.870203e-02 1.722669e-02 9.981269e-01 1.577368e+01 7.228987e-02 9.971527e-01 -2.146141e-02 -3.621398e+00 -9.956546e-01 7.341427e-02 5.728957e-02 8.980526e+01
6.659830e-02 1.396403e-02 9.976822e-01 1.735473e+01 6.848000e-02 9.974803e-01 -1.853246e-02 -3.669719e+00 -9.954271e-01 6.955549e-02 6.547424e-02 8.988363e+01
7.390613e-02 1.816167e-02 9.970998e-01 1.895996e+01 6.387777e-02 9.976948e-01 -2.290720e-02 -3.726996e+00 -9.952173e-01 6.538548e-02 7.257563e-02 8.997884e+01
7.474794e-02 2.749119e-02 9.968235e-01 2.058193e+01 5.566893e-02 9.979460e-01 -3.169656e-02 -3.789412e+00 -9.956473e-01 5.786133e-02 7.306400e-02 9.008278e+01
7.451993e-02 2.494887e-02 9.969074e-01 2.221735e+01 5.043155e-02 9.983135e-01 -2.875388e-02 -3.869642e+00 -9.959434e-01 5.241831e-02 7.313604e-02 9.018269e+01
7.447614e-02 2.322760e-02 9.969523e-01 2.385148e+01 4.903232e-02 9.984342e-01 -2.692503e-02 -3.948711e+00 -9.960166e-01 5.088814e-02 7.322062e-02 9.027374e+01
7.412396e-02 2.412341e-02 9.969572e-01 2.547837e+01 4.481095e-02 9.986170e-01 -2.749528e-02 -4.031552e+00 -9.962417e-01 4.671265e-02 7.294045e-02 9.036500e+01
6.992106e-02 2.548140e-02 9.972271e-01 2.710009e+01 3.897825e-02 9.988405e-01 -2.825561e-02 -4.110043e+00 -9.967907e-01 4.084581e-02 6.884676e-02 9.045782e+01
6.089788e-02 2.167742e-02 9.979086e-01 2.872180e+01 3.431028e-02 9.991278e-01 -2.379771e-02 -4.189372e+00 -9.975541e-01 3.568775e-02 6.010101e-02 9.053737e+01
4.700058e-02 1.930296e-02 9.987084e-01 3.034032e+01 3.172229e-02 9.992801e-01 -2.080691e-02 -4.264420e+00 -9.983910e-01 3.265924e-02 4.635441e-02 9.058889e+01
2.806847e-02 2.112184e-02 9.993829e-01 3.194324e+01 3.180308e-02 9.992517e-01 -2.201229e-02 -4.332533e+00 -9.990999e-01 3.240129e-02 2.737573e-02 9.060409e+01
6.968081e-03 1.874427e-02 9.998001e-01 3.353267e+01 3.197931e-02 9.993087e-01 -1.895795e-02 -4.400925e+00 -9.994642e-01 3.210501e-02 6.363835e-03 9.058651e+01
-1.536171e-02 1.808549e-02 9.997185e-01 3.511039e+01 3.379189e-02 9.992746e-01 -1.755822e-02 -4.460151e+00 -9.993108e-01 3.351264e-02 -1.596171e-02 9.052962e+01
-2.648072e-02 1.872506e-02 9.994740e-01 3.588915e+01 3.400306e-02 9.992628e-01 -1.782022e-02 -4.490465e+00 -9.990708e-01 3.351327e-02 -2.709790e-02 9.049003e+01
-4.758921e-02 2.088992e-02 9.986486e-01 3.743083e+01 3.458039e-02 9.992164e-01 -1.925393e-02 -4.548257e+00 -9.982682e-01 3.361737e-02 -4.827430e-02 9.038673e+01
-5.718399e-02 2.164931e-02 9.981289e-01 3.818958e+01 3.548667e-02 9.991771e-01 -1.963898e-02 -4.577147e+00 -9.977327e-01 3.429723e-02 -5.790519e-02 9.032361e+01
-6.683215e-02 2.208670e-02 9.975198e-01 3.894049e+01 3.617941e-02 9.991511e-01 -1.969887e-02 -4.607065e+00 -9.971080e-01 3.477315e-02 -6.757450e-02 9.025165e+01
-8.502155e-02 2.197809e-02 9.961367e-01 4.041876e+01 3.826025e-02 9.990913e-01 -1.877773e-02 -4.664020e+00 -9.956442e-01 3.651592e-02 -8.578518e-02 9.009176e+01
-9.778459e-02 1.924550e-02 9.950215e-01 4.186324e+01 4.272773e-02 9.989723e-01 -1.512291e-02 -4.721760e+00 -9.942899e-01 4.103621e-02 -9.850640e-02 8.991031e+01
-1.045887e-01 1.626385e-02 9.943826e-01 4.327463e+01 4.754502e-02 9.988048e-01 -1.133542e-02 -4.770015e+00 -9.933784e-01 4.609237e-02 -1.052369e-01 8.972399e+01
-1.074152e-01 1.566224e-02 9.940909e-01 4.463116e+01 4.845889e-02 9.987700e-01 -1.049981e-02 -4.815263e+00 -9.930325e-01 4.704469e-02 -1.080420e-01 8.954649e+01
-1.039437e-01 1.811139e-02 9.944183e-01 4.592280e+01 5.064114e-02 9.986336e-01 -1.289480e-02 -4.858683e+00 -9.932931e-01 4.901813e-02 -1.047188e-01 8.937856e+01
-9.158105e-02 1.937642e-02 9.956091e-01 4.714397e+01 4.996096e-02 9.986409e-01 -1.483978e-02 -4.902936e+00 -9.945435e-01 4.838254e-02 -9.242464e-02 8.924451e+01
-6.719239e-02 1.967589e-02 9.975460e-01 4.828879e+01 4.841075e-02 9.986922e-01 -1.643767e-02 -4.950044e+00 -9.965648e-01 4.718745e-02 -6.805703e-02 8.915280e+01
-3.001449e-02 2.349433e-02 9.992733e-01 4.936647e+01 4.565938e-02 9.987123e-01 -2.210970e-02 -5.001409e+00 -9.985060e-01 4.496258e-02 -3.104857e-02 8.912113e+01
2.161174e-02 2.824599e-02 9.993674e-01 5.041670e+01 4.145875e-02 9.987156e-01 -2.912415e-02 -5.056479e+00 -9.989064e-01 4.206193e-02 2.041294e-02 8.914842e+01
2.747903e-01 1.261810e-02 9.614214e-01 5.343056e+01 2.372844e-02 9.995203e-01 -1.990011e-02 -5.228395e+00 -9.612113e-01 2.828138e-02 2.743591e-01 8.975037e+01
3.855813e-01 1.285007e-02 9.225844e-01 5.433154e+01 2.342307e-02 9.994444e-01 -2.370995e-02 -5.281038e+00 -9.223765e-01 3.075187e-02 3.850661e-01 9.016419e+01
4.443980e-01 1.583459e-02 8.956895e-01 5.473889e+01 2.326734e-02 9.993024e-01 -2.921047e-02 -5.307765e+00 -8.955272e-01 3.382138e-02 4.437196e-01 9.038860e+01
5.031692e-01 1.924202e-02 8.639737e-01 5.513319e+01 2.368969e-02 9.990692e-01 -3.604743e-02 -5.336870e+00 -8.638631e-01 3.860521e-02 5.022450e-01 9.066097e+01
5.605451e-01 2.352431e-02 8.277897e-01 5.549149e+01 1.882847e-02 9.989760e-01 -4.113899e-02 -5.362113e+00 -8.279098e-01 3.864626e-02 5.595281e-01 9.094160e+01
7.170289e-01 2.626286e-02 6.965485e-01 5.644855e+01 9.622649e-03 9.988218e-01 -4.756544e-02 -5.448053e+00 -6.969770e-01 4.080842e-02 7.159313e-01 9.196615e+01
7.622181e-01 2.264837e-02 6.469240e-01 5.672244e+01 6.903411e-03 9.990465e-01 -4.310967e-02 -5.479109e+00 -6.472835e-01 3.732494e-02 7.613349e-01 9.235602e+01
8.038727e-01 1.798655e-02 5.945294e-01 5.696793e+01 4.662333e-03 9.993214e-01 -3.653692e-02 -5.510534e+00 -5.947831e-01 3.214292e-02 8.032433e-01 9.276492e+01
9.196509e-01 1.403544e-02 3.924860e-01 5.768438e+01 -8.629860e-03 9.998421e-01 -1.553372e-02 -5.612666e+00 -3.926420e-01 1.089850e-02 9.196268e-01 9.450798e+01
9.354383e-01 2.009299e-02 3.529185e-01 5.781242e+01 -1.677232e-02 9.997816e-01 -1.246502e-02 -5.628018e+00 -3.530919e-01 5.740989e-03 9.355710e-01 9.498160e+01
9.575689e-01 2.703186e-02 2.869340e-01 5.804176e+01 -2.398075e-02 9.996123e-01 -1.414319e-02 -5.648502e+00 -2.872051e-01 6.662179e-03 9.578459e-01 9.592488e+01
9.715089e-01 2.227795e-02 2.359539e-01 5.838327e+01 -1.962485e-02 9.997151e-01 -1.358695e-02 -5.692607e+00 -2.361893e-01 8.569285e-03 9.716692e-01 9.738035e+01
9.736636e-01 2.774803e-02 2.262947e-01 5.848694e+01 -2.542298e-02 9.995898e-01 -1.318291e-02 -5.698710e+00 -2.265677e-01 7.082631e-03 9.739696e-01 9.788806e+01
9.747832e-01 3.487426e-02 2.204121e-01 5.858946e+01 -3.249051e-02 9.993678e-01 -1.443214e-02 -5.712881e+00 -2.207760e-01 6.906903e-03 9.753000e-01 9.840345e+01
9.731349e-01 4.014621e-02 2.267087e-01 5.920976e+01 -3.294070e-02 9.988274e-01 -3.547901e-02 -5.818562e+00 -2.278672e-01 2.705792e-02 9.733161e-01 1.011106e+02
9.703452e-01 4.844800e-02 2.368188e-01 5.947979e+01 -4.230693e-02 9.986252e-01 -3.094804e-02 -5.872668e+00 -2.379925e-01 2.001121e-02 9.710608e-01 1.022853e+02
9.685083e-01 4.085678e-02 2.456065e-01 5.979880e+01 -3.690930e-02 9.991051e-01 -2.065604e-02 -5.928075e+00 -2.462306e-01 1.094038e-02 9.691495e-01 1.034998e+02
9.670771e-01 3.374565e-02 2.522366e-01 6.013424e+01 -3.096203e-02 9.994080e-01 -1.499784e-02 -5.975190e+00 -2.525933e-01 6.694307e-03 9.675493e-01 1.047544e+02
9.672372e-01 2.935759e-02 2.521715e-01 6.048079e+01 -2.413441e-02 9.994258e-01 -2.378160e-02 -6.023068e+00 -2.527249e-01 1.691644e-02 9.673902e-01 1.060354e+02
9.674264e-01 3.108975e-02 2.512362e-01 6.064973e+01 -2.389677e-02 9.992139e-01 -3.163137e-02 -6.049018e+00 -2.520221e-01 2.459729e-02 9.674088e-01 1.066923e+02
9.685648e-01 3.339321e-02 2.465099e-01 6.099510e+01 -2.633527e-02 9.991449e-01 -3.187395e-02 -6.103151e+00 -2.473634e-01 2.438008e-02 9.686159e-01 1.080547e+02
9.696494e-01 2.911215e-02 2.427603e-01 6.135508e+01 -2.561797e-02 9.995179e-01 -1.753858e-02 -6.168814e+00 -2.431539e-01 1.078724e-02 9.699277e-01 1.094778e+02
9.702632e-01 3.845449e-02 2.389783e-01 6.169627e+01 -3.397645e-02 9.991618e-01 -2.283122e-02 -6.225332e+00 -2.396559e-01 1.403265e-02 9.707564e-01 1.109295e+02
9.721966e-01 3.867136e-02 2.309511e-01 6.205312e+01 -3.231967e-02 9.989897e-01 -3.122404e-02 -6.282018e+00 -2.319252e-01 2.289163e-02 9.724642e-01 1.124214e+02
9.741028e-01 3.235463e-02 2.237790e-01 6.241758e+01 -2.673172e-02 9.992473e-01 -2.811183e-02 -6.351409e+00 -2.245201e-01 2.140181e-02 9.742344e-01 1.139649e+02
9.745476e-01 3.082445e-02 2.220517e-01 6.260024e+01 -2.588369e-02 9.993491e-01 -2.512708e-02 -6.387404e+00 -2.226817e-01 1.874001e-02 9.747110e-01 1.147551e+02
9.752499e-01 2.247719e-02 2.199602e-01 6.297372e+01 -1.826607e-02 9.996092e-01 -2.116033e-02 -6.450506e+00 -2.203499e-01 1.661880e-02 9.752793e-01 1.163732e+02
9.751303e-01 2.794458e-02 2.198640e-01 6.333463e+01 -2.375350e-02 9.994826e-01 -2.168323e-02 -6.517585e+00 -2.203562e-01 1.592143e-02 9.752895e-01 1.180121e+02
9.743646e-01 4.180173e-02 2.210574e-01 6.369130e+01 -3.686288e-02 9.989709e-01 -2.642226e-02 -6.583319e+00 -2.219344e-01 1.759609e-02 9.749028e-01 1.196659e+02
9.724994e-01 5.172831e-02 2.270885e-01 6.405736e+01 -4.772120e-02 9.985934e-01 -2.310429e-02 -6.658079e+00 -2.279642e-01 1.163197e-02 9.736000e-01 1.213427e+02
9.714761e-01 5.201240e-02 2.313632e-01 6.444981e+01 -4.701719e-02 9.985276e-01 -2.705593e-02 -6.728166e+00 -2.324297e-01 1.540614e-02 9.724911e-01 1.230215e+02
9.718221e-01 3.802642e-02 2.326284e-01 6.486450e+01 -3.279916e-02 9.991159e-01 -2.629888e-02 -6.784235e+00 -2.334227e-01 1.792781e-02 9.722100e-01 1.247241e+02
9.711204e-01 4.003934e-02 2.352064e-01 6.526209e+01 -3.523136e-02 9.990761e-01 -2.461010e-02 -6.849345e+00 -2.359744e-01 1.561273e-02 9.716338e-01 1.264226e+02
9.703421e-01 4.468201e-02 2.375705e-01 6.565809e+01 -4.268596e-02 9.989967e-01 -1.354208e-02 -6.913045e+00 -2.379372e-01 2.999522e-03 9.712758e-01 1.281205e+02
9.702979e-01 4.107535e-02 2.384005e-01 6.608066e+01 -3.412526e-02 9.988656e-01 -3.320919e-02 -7.000709e+00 -2.394942e-01 2.408732e-02 9.705989e-01 1.297485e+02
9.708707e-01 3.562799e-02 2.369405e-01 6.651051e+01 -2.737139e-02 9.989010e-01 -3.804652e-02 -7.092137e+00 -2.380356e-01 3.045286e-02 9.707789e-01 1.313828e+02
9.714734e-01 2.591697e-02 2.357283e-01 6.693208e+01 -2.747143e-02 9.996171e-01 3.311926e-03 -7.177765e+00 -2.355522e-01 -9.693239e-03 9.718133e-01 1.330601e+02
9.716942e-01 3.680518e-02 2.333577e-01 6.733397e+01 -3.320560e-02 9.992614e-01 -1.933645e-02 -7.221705e+00 -2.338970e-01 1.104033e-02 9.721986e-01 1.346626e+02
9.725903e-01 3.392131e-02 2.300382e-01 6.774822e+01 -2.784568e-02 9.991736e-01 -2.960745e-02 -7.275568e+00 -2.308524e-01 2.239035e-02 9.727311e-01 1.362625e+02
9.740244e-01 3.316910e-02 2.240007e-01 6.812659e+01 -2.766976e-02 9.992347e-01 -2.764591e-02 -7.329594e+00 -2.247463e-01 2.072974e-02 9.741967e-01 1.378726e+02
9.756333e-01 3.839790e-02 2.160215e-01 6.848738e+01 -3.300030e-02 9.990478e-01 -2.853953e-02 -7.375994e+00 -2.169116e-01 2.071534e-02 9.759714e-01 1.394818e+02
9.761098e-01 4.665322e-02 2.122104e-01 6.883080e+01 -4.167268e-02 9.987421e-01 -2.788476e-02 -7.431426e+00 -2.132444e-01 1.837520e-02 9.768260e-01 1.410669e+02
9.767943e-01 4.343929e-02 2.097286e-01 6.918789e+01 -3.956073e-02 9.989603e-01 -2.265516e-02 -7.492154e+00 -2.104946e-01 1.383241e-02 9.774971e-01 1.426598e+02
9.774640e-01 4.156360e-02 2.069702e-01 6.935983e+01 -3.690635e-02 9.989722e-01 -2.631422e-02 -7.522327e+00 -2.078512e-01 1.808269e-02 9.779932e-01 1.434510e+02
9.825216e-01 3.087594e-02 1.835705e-01 6.999277e+01 -2.824613e-02 9.994577e-01 -1.692414e-02 -7.645990e+00 -1.839935e-01 1.144318e-02 9.828608e-01 1.466342e+02
9.838322e-01 3.363794e-02 1.759058e-01 7.025738e+01 -3.351540e-02 9.994314e-01 -3.668401e-03 -7.690397e+00 -1.759292e-01 -2.286463e-03 9.844001e-01 1.482407e+02
9.857542e-01 3.716732e-02 1.640347e-01 7.050797e+01 -3.448744e-02 9.992215e-01 -1.915602e-02 -7.732710e+00 -1.646189e-01 1.322599e-02 9.862685e-01 1.498199e+02
9.880243e-01 3.297858e-02 1.507330e-01 7.075332e+01 -2.956337e-02 9.992541e-01 -2.484300e-02 -7.779012e+00 -1.514399e-01 2.008931e-02 9.882622e-01 1.514220e+02
9.897183e-01 4.586975e-02 1.354761e-01 7.095263e+01 -4.336929e-02 9.988309e-01 -2.135247e-02 -7.841404e+00 -1.362971e-01 1.525743e-02 9.905505e-01 1.530488e+02
9.920486e-01 4.708364e-02 1.167168e-01 7.114828e+01 -4.394991e-02 9.986045e-01 -2.928025e-02 -7.891249e+00 -1.179326e-01 2.391773e-02 9.927335e-01 1.546649e+02
9.935935e-01 5.028742e-02 1.012092e-01 7.130611e+01 -4.847236e-02 9.986179e-01 -2.031541e-02 -7.939937e+00 -1.020909e-01 1.527941e-02 9.946577e-01 1.563078e+02
9.949035e-01 5.253998e-02 8.606248e-02 7.143075e+01 -5.185407e-02 9.986027e-01 -1.018773e-02 -7.990297e+00 -8.647748e-02 5.673120e-03 9.962376e-01 1.579586e+02
9.958028e-01 5.184121e-02 7.542759e-02 7.154565e+01 -5.127576e-02 9.986401e-01 -9.415322e-03 -8.036337e+00 -7.581312e-02 5.508196e-03 9.971068e-01 1.596018e+02
9.957357e-01 6.336806e-02 6.704397e-02 7.162754e+01 -6.207913e-02 9.978473e-01 -2.113905e-02 -8.085177e+00 -6.823918e-02 1.688687e-02 9.975260e-01 1.612383e+02
9.959250e-01 6.612540e-02 6.132616e-02 7.170556e+01 -6.512064e-02 9.977106e-01 -1.824263e-02 -8.124046e+00 -6.239206e-02 1.417469e-02 9.979510e-01 1.628891e+02
9.960001e-01 6.906583e-02 5.669062e-02 7.177540e+01 -6.916226e-02 9.976054e-01 -2.616200e-04 -8.158203e+00 -5.657294e-02 -3.660277e-03 9.983917e-01 1.645638e+02
9.973506e-01 5.623046e-02 4.615245e-02 7.185566e+01 -5.577477e-02 9.983816e-01 -1.110362e-02 -8.188372e+00 -4.670211e-02 8.500062e-03 9.988726e-01 1.662010e+02
9.979639e-01 5.517487e-02 3.199794e-02 7.190149e+01 -5.468822e-02 9.983770e-01 -1.589030e-02 -8.209715e+00 -3.282275e-02 1.410803e-02 9.993616e-01 1.678465e+02
9.986378e-01 4.912776e-02 1.758187e-02 7.193066e+01 -4.903568e-02 9.987811e-01 -5.630728e-03 -8.240659e+00 -1.783706e-02 4.760919e-03 9.998295e-01 1.695173e+02
9.993260e-01 3.624932e-02 5.790517e-03 7.195036e+01 -3.623788e-02 9.993410e-01 -2.069112e-03 -8.265898e+00 -5.861705e-03 1.857882e-03 9.999810e-01 1.712012e+02
9.996479e-01 2.528590e-02 -8.050398e-03 7.194423e+01 -2.542603e-02 9.995181e-01 -1.780696e-02 -8.295895e+00 7.596253e-03 1.800538e-02 9.998090e-01 1.728670e+02
9.996436e-01 1.605209e-02 -2.133065e-02 7.192242e+01 -1.640104e-02 9.997328e-01 -1.628577e-02 -8.332767e+00 2.106353e-02 1.662980e-02 9.996398e-01 1.745517e+02
9.990013e-01 3.251977e-02 -3.064244e-02 7.183806e+01 -3.236068e-02 9.994601e-01 5.673991e-03 -8.369208e+00 3.081041e-02 -4.676713e-03 9.995143e-01 1.762661e+02
9.987805e-01 3.298445e-02 -3.673766e-02 7.175930e+01 -3.325968e-02 9.994229e-01 -6.905757e-03 -8.392488e+00 3.648868e-02 8.119217e-03 9.993010e-01 1.779477e+02
9.981639e-01 4.382976e-02 -4.180851e-02 7.166001e+01 -4.470847e-02 9.987934e-01 -2.031881e-02 -8.427651e+00 4.086750e-02 2.215070e-02 9.989190e-01 1.796316e+02
9.983190e-01 3.709972e-02 -4.452873e-02 7.162938e+01 -3.785446e-02 9.991515e-01 -1.622741e-02 -8.451315e+00 4.388891e-02 1.788574e-02 9.988762e-01 1.804893e+02
9.982447e-01 3.981282e-02 -4.384633e-02 7.153819e+01 -3.987331e-02 9.992046e-01 -5.053899e-04 -8.495182e+00 4.379133e-02 2.252801e-03 9.990381e-01 1.822141e+02
9.982172e-01 3.836984e-02 -4.571952e-02 7.149582e+01 -3.851832e-02 9.992551e-01 -2.370550e-03 -8.518990e+00 4.559450e-02 4.127362e-03 9.989514e-01 1.830694e+02
9.983567e-01 2.690662e-02 -5.059681e-02 7.141963e+01 -2.803423e-02 9.993712e-01 -2.171003e-02 -8.567846e+00 4.998085e-02 2.309279e-02 9.984831e-01 1.847628e+02
9.983890e-01 1.720848e-02 -5.406808e-02 7.134131e+01 -1.842183e-02 9.995877e-01 -2.202345e-02 -8.625507e+00 5.366680e-02 2.298400e-02 9.982943e-01 1.864714e+02
9.980787e-01 2.529689e-02 -5.656048e-02 7.122920e+01 -2.571834e-02 9.996465e-01 -6.735662e-03 -8.688115e+00 5.637009e-02 8.177361e-03 9.983764e-01 1.881818e+02
9.980532e-01 2.327322e-02 -5.786424e-02 7.113685e+01 -2.430321e-02 9.995573e-01 -1.716040e-02 -8.736466e+00 5.743924e-02 1.853328e-02 9.981769e-01 1.898562e+02
9.977393e-01 3.329039e-02 -5.837976e-02 7.101964e+01 -3.417387e-02 9.993150e-01 -1.420047e-02 -8.788561e+00 5.786702e-02 1.616343e-02 9.981934e-01 1.915357e+02
9.975674e-01 3.693481e-02 -5.912010e-02 7.096425e+01 -3.766129e-02 9.992275e-01 -1.122112e-02 -8.816710e+00 5.865998e-02 1.342036e-02 9.981878e-01 1.923732e+02
9.974328e-01 4.009581e-02 -5.933112e-02 7.090819e+01 -4.066337e-02 9.991377e-01 -8.389275e-03 -8.838886e+00 5.894358e-02 1.078034e-02 9.982030e-01 1.932083e+02
9.972334e-01 4.411351e-02 -5.982968e-02 7.084733e+01 -4.469685e-02 9.989649e-01 -8.446293e-03 -8.861377e+00 5.939515e-02 1.109712e-02 9.981728e-01 1.940400e+02
9.971203e-01 4.409215e-02 -6.170116e-02 7.073224e+01 -4.521326e-02 9.988345e-01 -1.689265e-02 -8.906076e+00 6.088441e-02 1.963371e-02 9.979516e-01 1.956763e+02
9.971780e-01 4.511427e-02 -6.000663e-02 7.062911e+01 -4.628586e-02 9.987610e-01 -1.827907e-02 -8.938874e+00 5.910763e-02 2.100494e-02 9.980305e-01 1.971957e+02
9.975218e-01 4.506880e-02 -5.402910e-02 7.054557e+01 -4.619582e-02 9.987362e-01 -1.979462e-02 -8.969162e+00 5.306869e-02 2.224148e-02 9.983431e-01 1.986091e+02
9.976800e-01 4.505178e-02 -5.104010e-02 7.050380e+01 -4.615029e-02 9.987230e-01 -2.055182e-02 -8.984301e+00 5.004903e-02 2.285965e-02 9.984851e-01 1.993157e+02
9.979689e-01 4.502913e-02 -4.506211e-02 7.042027e+01 -4.605821e-02 9.986950e-01 -2.206497e-02 -9.014570e+00 4.400973e-02 2.409563e-02 9.987404e-01 2.007284e+02
9.982214e-01 4.502167e-02 -3.907941e-02 7.033667e+01 -4.596471e-02 9.986648e-01 -2.357770e-02 -9.044849e+00 3.796572e-02 2.533204e-02 9.989578e-01 2.021417e+02
9.983338e-01 4.502363e-02 -3.609049e-02 7.029491e+01 -4.591749e-02 9.986488e-01 -2.433286e-02 -9.059972e+00 3.494617e-02 2.594950e-02 9.990522e-01 2.028477e+02
9.985315e-01 4.503897e-02 -3.010522e-02 7.021128e+01 -4.582193e-02 9.986152e-01 -2.584392e-02 -9.090248e+00 2.889955e-02 2.718544e-02 9.992125e-01 2.042610e+02
9.986926e-01 4.506947e-02 -2.412324e-02 7.012768e+01 -4.572507e-02 9.985795e-01 -2.735266e-02 -9.120498e+00 2.285620e-02 2.841993e-02 9.993347e-01 2.056732e+02
9.988171e-01 4.511514e-02 -1.813963e-02 7.004406e+01 -4.562684e-02 9.985415e-01 -2.886037e-02 -9.150747e+00 1.681113e-02 2.965389e-02 9.994188e-01 2.070856e+02
9.988567e-01 4.517153e-02 -1.565232e-02 6.999905e+01 -4.562219e-02 9.985159e-01 -2.974193e-02 -9.165290e+00 1.428560e-02 3.042201e-02 9.994350e-01 2.077971e+02
9.991350e-01 4.154088e-02 -1.912342e-03 6.998306e+01 -4.157468e-02 9.988516e-01 -2.381015e-02 -9.208113e+00 9.210518e-04 2.386905e-02 9.997146e-01 2.090931e+02
9.995600e-01 2.799323e-02 9.815266e-03 7.000778e+01 -2.783387e-02 9.994843e-01 -1.601343e-02 -9.261371e+00 -1.025847e-02 1.573319e-02 9.998235e-01 2.103757e+02
9.993972e-01 3.154472e-02 1.450058e-02 7.001951e+01 -3.133748e-02 9.994065e-01 -1.430386e-02 -9.302230e+00 -1.494319e-02 1.384082e-02 9.997925e-01 2.116498e+02
9.993983e-01 3.193726e-02 1.353550e-02 7.003039e+01 -3.180250e-02 9.994435e-01 -1.005720e-02 -9.333416e+00 -1.384917e-02 9.620679e-03 9.998578e-01 2.129445e+02
9.990170e-01 4.213031e-02 1.378874e-02 7.001762e+01 -4.197964e-02 9.990574e-01 -1.103998e-02 -9.361494e+00 -1.424087e-02 1.045028e-02 9.998439e-01 2.142524e+02
9.989009e-01 4.575401e-02 1.018246e-02 7.000644e+01 -4.544509e-02 9.985532e-01 -2.874302e-02 -9.397152e+00 -1.148284e-02 2.824868e-02 9.995349e-01 2.155565e+02
9.992198e-01 3.894455e-02 6.569220e-03 7.001323e+01 -3.869261e-02 9.986417e-01 -3.489495e-02 -9.415421e+00 -7.919264e-03 3.461354e-02 9.993693e-01 2.162172e+02
9.991864e-01 4.023503e-02 2.775105e-03 7.000612e+01 -4.014078e-02 9.987944e-01 -2.825507e-02 -9.429329e+00 -3.908602e-03 2.812068e-02 9.995968e-01 2.168933e+02
9.989962e-01 4.456999e-02 -4.497923e-03 6.997211e+01 -4.457970e-02 9.990036e-01 -2.080989e-03 -9.473975e+00 4.400691e-03 2.279416e-03 9.999877e-01 2.182707e+02
9.993067e-01 3.538900e-02 -1.156541e-02 6.995651e+01 -3.531205e-02 9.993532e-01 6.791368e-03 -9.495411e+00 1.179826e-02 -6.378259e-03 9.999100e-01 2.196463e+02
9.990959e-01 3.833680e-02 -1.837810e-02 6.994019e+01 -3.847501e-02 9.992334e-01 -7.226487e-03 -9.540496e+00 1.808697e-02 7.927050e-03 9.998049e-01 2.209704e+02
9.995047e-01 2.253595e-02 -2.196621e-02 6.997285e+01 -2.273633e-02 9.997017e-01 -8.915106e-03 -9.591872e+00 2.175874e-02 9.410120e-03 9.997189e-01 2.223055e+02
9.996094e-01 1.212864e-02 -2.518004e-02 6.998430e+01 -1.213886e-02 9.999263e-01 -2.531299e-04 -9.650603e+00 2.517511e-02 5.586885e-04 9.996828e-01 2.236723e+02
9.996142e-01 3.849148e-03 -2.751025e-02 6.998542e+01 -4.102379e-03 9.999497e-01 -9.154463e-03 -9.716608e+00 2.747363e-02 9.263787e-03 9.995795e-01 2.250278e+02
9.995281e-01 -7.405982e-03 -2.981397e-02 6.998187e+01 7.180519e-03 9.999448e-01 -7.662325e-03 -9.771343e+00 2.986907e-02 7.444628e-03 9.995260e-01 2.263991e+02
9.994670e-01 -8.991090e-03 -3.138530e-02 6.996118e+01 8.999502e-03 9.999595e-01 1.267407e-04 -9.818999e+00 3.138288e-02 -4.091245e-04 9.995073e-01 2.277732e+02
9.994092e-01 -1.323742e-02 -3.171797e-02 6.993862e+01 1.297005e-02 9.998787e-01 -8.620756e-03 -9.863524e+00 3.182824e-02 8.204279e-03 9.994596e-01 2.291258e+02
9.993829e-01 -1.412937e-02 -3.216079e-02 6.990717e+01 1.335457e-02 9.996184e-01 -2.417986e-02 -9.909781e+00 3.249016e-02 2.373544e-02 9.991901e-01 2.304543e+02
9.994183e-01 -1.238982e-02 -3.177627e-02 6.987145e+01 1.184129e-02 9.997786e-01 -1.739299e-02 -9.964503e+00 3.198473e-02 1.700660e-02 9.993436e-01 2.317690e+02
9.993512e-01 -1.492646e-02 -3.277765e-02 6.984446e+01 1.479210e-02 9.998812e-01 -4.337658e-03 -1.001409e+01 3.283849e-02 3.849993e-03 9.994532e-01 2.330405e+02
9.992501e-01 -1.502281e-02 -3.568876e-02 6.981020e+01 1.510574e-02 9.998838e-01 2.054942e-03 -1.004766e+01 3.565374e-02 -2.592505e-03 9.993608e-01 2.342476e+02
9.984666e-01 -2.652601e-02 -4.858840e-02 6.978279e+01 2.653046e-02 9.996478e-01 -5.535584e-04 -1.006888e+01 4.858597e-02 -7.363619e-04 9.988187e-01 2.353659e+02
9.929139e-01 -3.522832e-02 -1.134947e-01 6.960296e+01 3.427210e-02 9.993588e-01 -1.036600e-02 -1.009296e+01 1.137871e-01 6.402846e-03 9.934845e-01 2.374372e+02
9.856528e-01 -3.228651e-02 -1.656692e-01 6.942542e+01 3.177041e-02 9.994785e-01 -5.765007e-03 -1.010590e+01 1.657689e-01 4.189171e-04 9.861645e-01 2.384416e+02
9.719757e-01 -3.229428e-02 -2.328528e-01 6.918511e+01 3.113808e-02 9.994777e-01 -8.640477e-03 -1.012556e+01 2.330102e-01 1.147745e-03 9.724735e-01 2.393949e+02
9.491560e-01 -2.367706e-02 -3.139146e-01 6.884642e+01 1.943740e-02 9.996728e-01 -1.662934e-02 -1.014043e+01 3.142056e-01 9.682159e-03 9.493055e-01 2.402766e+02
8.668268e-01 1.766589e-02 -4.982963e-01 6.789906e+01 -2.937527e-02 9.994456e-01 -1.566773e-02 -1.018148e+01 4.977433e-01 2.821880e-02 8.668652e-01 2.418486e+02
8.037197e-01 3.418704e-02 -5.940252e-01 6.731827e+01 -4.804963e-02 9.988166e-01 -7.528043e-03 -1.018322e+01 5.930648e-01 3.459312e-02 8.044112e-01 2.424928e+02
7.298087e-01 5.429701e-02 -6.814919e-01 6.667291e+01 -5.888986e-02 9.981288e-01 1.645961e-02 -1.017111e+01 6.811104e-01 2.812060e-02 7.316405e-01 2.430702e+02
6.485969e-01 7.637250e-02 -7.572908e-01 6.598247e+01 -6.981509e-02 9.967283e-01 4.072516e-02 -1.015157e+01 7.579234e-01 2.645611e-02 6.518068e-01 2.435912e+02
5.598590e-01 8.423029e-02 -8.242956e-01 6.526011e+01 -7.033104e-02 9.960603e-01 5.401338e-02 -1.011788e+01 8.255976e-01 2.773368e-02 5.635773e-01 2.439919e+02
5.123307e-01 8.230045e-02 -8.548356e-01 6.489784e+01 -6.435976e-02 9.962777e-01 5.734510e-02 -1.009595e+01 8.563732e-01 2.563736e-02 5.157205e-01 2.441844e+02
4.108591e-01 6.909842e-02 -9.090766e-01 6.414030e+01 -4.771502e-02 9.973869e-01 5.424594e-02 -1.004135e+01 9.104494e-01 2.108918e-02 4.130824e-01 2.444743e+02
2.119977e-01 6.361948e-02 -9.751972e-01 6.240525e+01 -4.089409e-02 9.975822e-01 5.618988e-02 -9.929802e+00 9.764141e-01 2.796767e-02 2.140868e-01 2.448251e+02
1.290802e-01 6.165050e-02 -9.897159e-01 6.145894e+01 -3.658882e-02 9.976820e-01 5.737475e-02 -9.873647e+00 9.909589e-01 2.880659e-02 1.310367e-01 2.449260e+02
9.339541e-02 6.112447e-02 -9.937511e-01 6.096195e+01 -3.577600e-02 9.976751e-01 5.800353e-02 -9.844318e+00 9.949861e-01 3.013517e-02 9.536506e-02 2.449414e+02
6.403760e-02 5.829931e-02 -9.962432e-01 6.046150e+01 -3.642959e-02 9.977633e-01 5.604662e-02 -9.811810e+00 9.972823e-01 3.270364e-02 6.601818e-02 2.449539e+02
3.857869e-02 5.591526e-02 -9.976899e-01 5.994742e+01 -3.609550e-02 9.978595e-01 5.452904e-02 -9.779054e+00 9.986034e-01 3.390845e-02 4.051440e-02 2.449520e+02
-3.531846e-02 4.863119e-02 -9.981922e-01 5.719241e+01 -4.399184e-02 9.977715e-01 5.016724e-02 -9.629490e+00 9.984074e-01 4.568413e-02 -3.310038e-02 2.448503e+02
-3.900133e-02 4.809847e-02 -9.980809e-01 5.659598e+01 -4.432450e-02 9.977744e-01 4.981575e-02 -9.598446e+00 9.982556e-01 4.618231e-02 -3.678258e-02 2.448240e+02
-4.089244e-02 4.857652e-02 -9.979821e-01 5.598115e+01 -4.394532e-02 9.977635e-01 5.036655e-02 -9.567377e+00 9.981966e-01 4.591625e-02 -3.866627e-02 2.447978e+02
-4.211898e-02 4.942055e-02 -9.978896e-01 5.469404e+01 -4.335224e-02 9.977448e-01 5.124320e-02 -9.501856e+00 9.981716e-01 4.541906e-02 -3.988150e-02 2.447438e+02
-4.120315e-02 4.791619e-02 -9.980012e-01 5.333773e+01 -4.132406e-02 9.979130e-01 4.961806e-02 -9.428068e+00 9.982958e-01 4.328588e-02 -3.913707e-02 2.446758e+02
-4.172997e-02 4.367408e-02 -9.981740e-01 5.194411e+01 -3.799230e-02 9.982522e-01 4.526583e-02 -9.321575e+00 9.984063e-01 3.981186e-02 -3.999775e-02 2.445279e+02
-4.144332e-02 4.258583e-02 -9.982329e-01 5.045197e+01 -3.928489e-02 9.982492e-01 4.421751e-02 -9.222874e+00 9.983682e-01 4.104799e-02 -3.969778e-02 2.443907e+02
-3.976130e-02 4.369248e-02 -9.982535e-01 4.886814e+01 -3.523235e-02 9.983609e-01 4.510052e-02 -9.139656e+00 9.985878e-01 3.696407e-02 -3.815674e-02 2.442845e+02
-3.772664e-02 4.382670e-02 -9.983266e-01 4.722454e+01 -3.113691e-02 9.985011e-01 4.501103e-02 -9.074933e+00 9.988028e-01 3.278292e-02 -3.630546e-02 2.441891e+02
-3.668499e-02 5.022321e-02 -9.980641e-01 4.551505e+01 -2.858509e-02 9.982749e-01 5.128451e-02 -9.002662e+00 9.989179e-01 3.041113e-02 -3.518607e-02 2.441009e+02
-3.588490e-02 5.657377e-02 -9.977533e-01 4.378198e+01 -2.660232e-02 9.979885e-01 5.754389e-02 -8.926032e+00 9.990018e-01 2.860751e-02 -3.430772e-02 2.440160e+02
-3.848837e-02 4.919261e-02 -9.980475e-01 4.206014e+01 -2.626256e-02 9.983927e-01 5.022242e-02 -8.851693e+00 9.989138e-01 2.814427e-02 -3.713458e-02 2.439267e+02
-4.328305e-02 5.235258e-02 -9.976903e-01 4.031659e+01 -2.093080e-02 9.983594e-01 5.329574e-02 -8.777811e+00 9.988435e-01 2.318926e-02 -4.211626e-02 2.438403e+02
-4.962930e-02 6.362340e-02 -9.967392e-01 3.857904e+01 -1.729574e-02 9.977646e-01 6.455004e-02 -8.699355e+00 9.986179e-01 2.044292e-02 -4.841794e-02 2.437424e+02
-5.359497e-02 6.149026e-02 -9.966677e-01 3.683197e+01 -1.382364e-02 9.979609e-01 6.231341e-02 -8.584315e+00 9.984670e-01 1.711726e-02 -5.263566e-02 2.437018e+02
-5.780494e-02 5.654442e-02 -9.967253e-01 3.509489e+01 -1.698818e-02 9.981944e-01 5.761300e-02 -8.481095e+00 9.981833e-01 2.026286e-02 -5.673998e-02 2.436298e+02
-6.055939e-02 5.494748e-02 -9.966511e-01 3.334194e+01 -2.093509e-02 9.981941e-01 5.630464e-02 -8.373309e+00 9.979450e-01 2.427476e-02 -5.929969e-02 2.435406e+02
-6.131504e-02 5.187698e-02 -9.967694e-01 3.247295e+01 -2.518677e-02 9.982500e-01 5.350338e-02 -8.324969e+00 9.978006e-01 2.838596e-02 -5.990112e-02 2.434890e+02
